in=[(0, 30), (1, 20), (2, 28), (3, 49), (4, 18), (5, 41), (6, 43), (7, 36), (
8, 46), (9, 39), (10, 6), (11, 23), (12, 23), (13, 49), (14, 10), (15, 7),
 (16, 7), (17, 21), (18, 22), (19, 23), (20, 6), (21, 38), (22, 31), (23, 
43), (24, 49), (25, 3), (26, 29), (27, 46), (28, 13), (29, 34), (30, 1), (
31, 25), (32, 6), (33, 16), (34, 49), (35, 13), (36, 47), (37, 14), (38, 2
4), (39, 13), (40, 14), (41, 4), (42, 17), (43, 34), (44, 24), (45, 47), (
46, 44), (47, 33), (48, 15), (49, 15), (50, 9), (51, 15), (52, 16), (53, 3
7), (54, 30), (55, 31), (56, 45), (57, 38), (58, 8), (59, 27), (60, 34), (
61, 18), (62, 9), (63, 0), (64, 43), (65, 30), (66, 45), (67, 10), (68, 21
), (69, 32), (70, 37), (71, 6), (72, 42), (73, 39), (74, 42), (75, 0), (76
, 21), (77, 13), (78, 19), (79, 38), (80, 3), (81, 39), (82, 25), (83, 37)
, (84, 36), (85, 26), (86, 0), (87, 34), (88, 46), (89, 42), (90, 36), (91
, 1), (92, 36), (93, 49), (94, 4), (95, 19), (96, 18), (97, 10), (98, 31),
 (99, 12)]
out=[4, 6, 7, 10, 12, 13, 14, 16, 17, 18, 20, 23, 24, 25, 26, 27, 29, 3
1, 32, 35, 36, 37, 40, 43, 46, 48, 49, 50, 51, 52, 54, 56, 57, 60, 
63, 65, 67, 69, 71, 74, 77, 78, 79, 81, 82, 83, 84, 92, 94, 96, 99]
